3.892574419062191371e-01
3.649835067212023332e-01
3.640931592798523631e-01
3.639754897569500991e-01
3.638063791762862209e-01
3.634838748132371844e-01
3.572554966818418110e-01
3.562054933239972021e-01
3.542413431300449056e-01
3.506644781346779927e-01
3.444941622493795652e-01
3.339140455747796610e-01
3.155399811940264865e-01
2.855989575663155922e-01
2.534176205399003567e-01
2.443649284771854668e-01
2.351062470259274451e-01
2.194615929378935792e-01
1.927939037647463660e-01
1.562444467398950154e-01
1.282332802863749843e-01
9.071090994669357699e-02
8.429946460417518661e-02
8.283142901662857160e-02
8.262530780996235613e-02
8.256773007315464097e-02
8.247109894213319747e-02
8.233212471073604599e-02
8.226972668128690325e-02
8.223819862454317953e-02
8.218711244260878956e-02
8.210498561077181345e-02
8.197504433604940743e-02
8.173762181657182047e-02
7.914003492151004682e-02
7.656201555306732520e-02
7.655419754150903644e-02
7.624698092436238417e-02
7.343378109061329817e-02
6.834205479309021780e-02
6.043926713278333085e-02
5.669440489233072006e-02
5.467928489648248708e-02
5.140962594137100938e-02
4.583274133586375670e-02
3.694004763676801001e-02
2.280546096580279500e-02
1.885752330448347419e-02
1.736726122581370643e-02
1.586037197017314479e-02
1.525040332562366610e-02
1.458526306121951145e-02
1.344532908943644849e-02
1.151123425442304032e-02
8.667575033229530518e-03
7.336648649057757494e-03
6.913567980562252725e-03
6.271804130028627369e-03
5.527578139949303020e-03
4.436672041059867323e-03
2.971102849801504544e-03
2.071731419167211624e-03
1.735997809096509166e-03
1.379732034356006805e-03
1.231854346457929728e-03
1.143304857410953586e-03
1.109480902773877283e-03
1.046551951581215032e-03
9.331054431810545087e-04
8.012557567594335043e-04
7.188310687575333747e-04
6.715977147843148675e-04
6.388739766966036737e-04
6.104446722436285191e-04
5.627890809557403295e-04
4.950930191281431320e-04
4.539119869158748542e-04
4.114289465077733410e-04
3.395774086519619652e-04
2.241647757166085459e-04
1.169102809539318490e-04
9.413276928896496766e-05
9.104230325911489576e-05
8.985389262399989742e-05
8.934078684676380615e-05
8.907033166876029940e-05
8.864228209511561404e-05
8.797635445956759957e-05
8.696001908522760086e-05
8.566222944039762397e-05
8.455816775807818003e-05
8.400144256306464347e-05
8.377173585830679180e-05
8.362139676601486359e-05
8.337375086867268863e-05
8.294306452856309785e-05
8.217247237127161337e-05
8.078860148072007500e-05
7.835086841285713460e-05
7.426914134382464150e-05
6.810599017307273858e-05
6.191033566380388961e-05
5.625814991915122635e-05
5.312308351155373728e-05
5.221197055053676745e-05
5.191862410737750638e-05
5.163880354530414390e-05
5.122833555447058062e-05
5.057677360135223976e-05
4.947966117901802808e-05
4.759129795153926716e-05
4.435675885517257510e-05
3.901362403138579718e-05
3.088015916670923411e-05
2.187085872883748466e-05
1.070480784379948746e-05
3.472894214805834328e-06
2.500636603375016363e-06
1.644582159330768983e-06
1.314684488391837804e-06
7.984624004713129961e-07
4.050107927760645161e-07
2.785284267389671086e-07
1.711061978090746450e-07
1.046155925067786651e-07
6.682583890621369696e-08
5.135499572962397733e-08
3.426923491821397225e-08
2.899953978758941933e-08
2.312425186960975656e-08
1.766662141642187151e-08
