9.995282306466012345e-01
8.007228891819559990e-01
8.007223788291449873e-01
7.339191103076486700e-01
7.328541139747617450e-01
7.234960696568472072e-01
7.135877586106971204e-01
6.045463810693129103e-01
5.926621167191845618e-01
4.917335001253329563e-01
3.746059043849310211e-01
3.624297697120272832e-01
3.520680485159075612e-01
3.407384918798739282e-01
3.308099683035463645e-01
2.049680399417667387e-01
2.032997566074365436e-01
1.378644550648868428e-01
5.199220875714233303e-02
2.834863394530636946e-02
1.265563543850535544e-02
6.286355231113901001e-03
3.905056972566548629e-03
2.485963235782814168e-03
1.712168870532644041e-03
1.274956735321736275e-03
1.038640396204781836e-03
9.137190475552868681e-04
8.440704539540099492e-04
7.912626434684843753e-04
7.263994965572952503e-04
6.217006538332212756e-04
4.581385540690461472e-04
2.608688236255025808e-04
9.852868358349067791e-05
5.546374025566787422e-05
3.682352176915944334e-05
1.492537093950103608e-05
7.278533806466351654e-06
3.380995696675515087e-06
1.634478666233119442e-06
7.968817966708706111e-07
3.979245868063522495e-07
