1.0918453
0.1912678
0.7606478
0.7804592
0.3401397
0.4893264
-12.5450444
0.1014155
0.7473071
1.1176095
0.3118504
0.6609311
1.0310337
1.0520816
0.3410646
0.6974656
2.2521646
-1.1230325
-0.9368388
0.5547167
0.8018578
0.9255083
0.5158134
0.5039377
0.7964982
1.5028079
0.6645655
1.3705202
0.9925908
1.7525594
1.0525497
1.7724271
16.4210399
-2.8791294
-3.0387180
0.3953282
-1.4183806
-0.4053081
-12.9320480
1.1958894
2.7891420
4.8832957
2.6560744
3.4478175
4.1171491
5.0189620
2.7728451
7.4237584
2.2375045
-0.1997289
-0.9619031
0.8109594
0.6675969
0.3402820
9.3621935
0.3139112
1.7602245
1.8057987
0.6570039
1.1231151
1.8339852
1.9987158
0.4470286
1.7055675
0.1009924
0.3431419
0.9164059
0.5752397
0.4736438
0.0725960
-18.9855681
0.7293241
0.2242198
0.7227492
0.7390314
0.4020546
0.3835019
0.5328131
0.8685129
0.9618295
0.7246322
0.9833155
0.6342543
1.7677348
0.5075909
0.6282931
18.7620876
0.5341544
0.8613331
0.2910307
0.2594483
0.6124346
0.7408297
0.4835340
0.6886707
-1.6347219
15.1841416
-1.1750567
-1.7377807
-0.3230130
-1.8508638
-0.2686824
-12.9708937
0.3119856
2.6141734
3.6722537
2.1776468
2.7648725
3.1326991
4.0644263
2.5121317
6.2841528
14.9398556
-2.0547359
-2.2714772
-0.3457447
-1.0536680
0.1214228
-17.6536978
1.1419893
3.0004249
3.9432057
2.3119756
2.6833985
3.5164559
4.2479533
2.4884649
7.0380103
2.4458076
-2.1601180
-1.3966800
-0.4077020
0.1604531
0.6788512
-22.2777687
1.0645141
1.7093810
1.3182581
2.2050723
2.0605490
2.0774742
2.5377886
1.4249634
4.1134265
0.7088369
1.4826889
0.3925307
1.9238636
0.5618649
0.1939137
37.5564212
-0.0653155
0.2490345
0.0906768
-0.2903266
0.0648094
0.5927947
0.1409745
0.6336827
-1.7903221
5.1162372
1.2451505
-1.6460012
1.2079607
-0.2586513
0.7389825
12.7724799
0.7744969
1.5745622
1.5240084
0.5640915
0.6571056
1.6376705
2.3841352
1.0106928
0.9097836
0.8426838
-0.4397276
-0.2718911
0.0343700
0.0584320
0.2423829
-4.0668015
0.9639873
0.9421030
0.5679287
0.9010818
0.2985117
0.3055734
0.5452471
0.5105887
0.5792246
15.4175146
-1.0907423
-1.7333681
0.2350819
-1.3800626
0.4862302
-12.9891713
1.1574573
2.9833259
3.7281347
1.2143166
2.6691907
2.6932062
3.6936091
1.9872066
6.6974484
1.6154518
-1.1476241
-1.1747021
0.1759388
-0.0795424
0.2462810
-8.2837022
1.0038034
1.6220263
1.9108431
1.8547784
1.7976664
1.8084613
1.6508441
0.4952273
3.0599255
0.3600574
1.0805139
-0.3846335
1.1172676
0.7315155
0.5065365
24.5898832
0.4938615
0.9253925
0.1683324
-0.1676456
0.1633896
0.3932146
0.5092636
0.3820030
-1.0125943
0.7467325
2.1008367
0.2130957
1.3549992
1.0177292
1.0802646
-19.6622630
0.9141971
0.9021044
0.7654492
1.4302674
1.3463821
0.6182878
1.3013620
0.0960355
0.7035796
0.9942930
-4.2665498
-1.6503791
0.6324192
0.2337020
0.5132337
16.2309391
0.4509571
0.8026541
0.4215659
-0.2540456
0.3596960
0.5704435
-0.0490762
0.9005700
-0.9958413
16.4555657
-7.7289091
-5.2540113
-0.4408593
-1.9185220
0.2628000
-1.6429414
0.5142068
3.5670593
4.8752054
1.3947196
3.6429996
3.8176612
4.4858874
2.7162664
7.2927883
1.3525605
-5.0770301
-2.2190392
0.2326563
0.9563201
0.6548170
12.4534106
0.2954676
0.4840939
0.9159007
0.0199284
0.9932724
1.2222847
0.9502405
0.8525650
-0.8570981
0.3792458
2.9654320
1.5293890
1.1554332
0.9377104
1.1718561
-1.9113732
0.6729983
0.5489026
0.5024535
1.0931133
0.4227810
0.6907286
0.0749267
0.5538095
-0.1548982
1.0981013
3.4982012
1.1661033
1.6499719
1.2058166
0.2690428
-11.3255948
0.1720115
0.9429296
1.2400275
0.0754450
0.6169776
0.8925743
1.0088525
0.6575774
0.0853122
7.2390038
-1.3647548
-2.2649475
0.2647145
-0.5636902
0.5514631
-14.1267548
0.7808614
2.1614921
1.9681086
2.1911706
2.6482703
2.1460456
4.0290303
1.3394323
4.9496957
14.8459836
-2.1204331
-2.3145291
0.0078684
-1.6842006
0.2409926
-16.8247046
1.3030146
2.4829793
3.9140425
2.3216763
3.3084549
3.0714077
4.1028113
1.9894925
6.4328259
5.7546993
-0.4857009
-1.8003999
0.6426183
0.2304241
0.3037813
-9.3495856
0.5640219
1.4936253
2.0440922
0.9342663
1.0455095
1.6729503
3.0146188
1.3487749
2.4633682
1.0685774
0.2310423
-0.1719631
1.4495294
0.7239760
1.0743607
1.0426385
0.7949967
0.9240738
1.4115577
-0.1404864
1.4540482
0.6756230
0.9605601
0.7420282
-0.5432057
0.8527586
3.2769022
0.9569479
1.7947108
0.3521234
0.2392573
-6.8195597
0.2563440
0.1886028
0.7933463
-0.2685556
1.0337394
0.7255247
0.2236723
0.3910337
-0.0134056
2.2055785
-0.8809263
-0.5495545
0.0816534
0.5673889
0.1612817
-3.9763536
0.9004347
1.0149580
1.3837668
1.9283878
1.1294731
1.4418542
1.4926783
1.3660902
2.6056885
14.6396206
-1.1420599
-2.3392178
0.1772402
-1.1821879
0.2765706
-12.5464743
0.8717175
2.8363942
3.7517802
1.6966568
2.6162708
3.4797809
3.8407311
2.5036397
6.4409485
0.6794029
-1.1073189
-0.2622504
-0.1527575
0.4251507
0.3715489
-17.4273239
0.4660329
0.5061659
0.8675995
1.0404725
1.2416095
1.0351395
0.7668152
1.0344964
1.2840178
0.8589777
1.0053213
0.5508849
1.6696384
0.4856299
0.9212304
18.9366112
0.4665088
0.9463576
0.2631292
-0.4080608
0.0433822
0.4049509
0.7187246
0.1157684
-1.6239450
0.7111118
-0.8775525
0.2944397
0.3281340
0.8821843
0.6752460
-15.2741571
0.8287941
1.0734921
1.0201730
0.6649944
0.9653024
0.6149241
0.7657964
0.3077853
1.3888701
11.2241360
-1.6717001
-1.3899745
0.0574794
-1.0789316
-0.2891531
-7.2712699
1.0747124
2.7823793
3.3324566
1.9823152
2.6706048
2.8630147
2.6346550
1.9827667
6.1120021
16.6525527
-2.4127046
-3.1291275
0.7349168
-1.0198303
-0.2953383
-12.7052884
1.3649325
3.2044923
4.1839669
2.4460545
3.8472102
4.0185352
4.9639004
2.6173088
7.5209742
11.4456159
-1.6046744
-2.1564458
0.1028170
-0.3741527
0.0123514
1.6686515
0.5722841
2.2364165
3.9424321
1.4003669
2.2787010
2.7419282
3.2186918
2.6237460
5.5277776
0.3873349
0.0616768
0.3498764
0.9348799
0.0435923
0.0695545
0.8924830
0.2197449
0.5635579
0.0531784
0.7261298
0.8548783
0.4370740
0.3586422
0.6020850
0.3390572
53.8043698
-16.9256532
-9.8723023
-11.3595869
-12.7309774
-8.1090417
72.3230246
-18.1294617
-14.3677688
-8.3528644
-17.2646285
-14.2988238
-14.6215470
-7.9813908
7.0007061
-0.4669865
