0.4068831
0.5384394
0.4690395
0.4713061
-0.2325740
0.6996945
0.5049827
0.1029403
0.9608024
0.1064658
0.9761477
0.8416944
0.1524070
0.1385669
0.8412668
0.2200093
2.5104924
1.9067723
3.6206201
-1.1519406
-2.2958714
-0.0093691
-0.3188941
-0.0432334
1.1622409
1.2388930
1.3180580
0.3414489
-0.9809988
-0.5360256
1.4545696
0.0611391
2.3307767
1.7378428
4.9872744
-0.5125369
-1.9299325
-0.2218466
-0.9090817
0.3677165
0.4391692
0.9106576
1.3312624
1.1845990
0.6747936
-0.7662858
0.4531620
0.3248707
1.3190938
1.2040173
2.0482886
2.3880566
-0.5329844
0.6432851
-0.6852175
0.6876834
0.0283439
0.6315858
1.2837905
0.4206547
0.6354069
0.0208321
1.2082754
0.4951800
-0.3084623
0.4324955
0.4909494
0.8817708
5.9234875
0.6911095
0.6064285
0.8249409
0.5125855
0.0825721
0.0451476
0.2206745
0.7690676
1.4474830
0.6712611
0.5534769
-0.0826335
0.3661919
0.8491981
0.0997708
1.1898613
0.3903971
0.9320506
0.2214984
0.5311270
0.0865117
0.9545496
0.8010395
0.5292701
0.9525775
0.4473404
0.7788128
0.2345805
0.8992643
1.8113427
0.4563617
1.7598992
0.3120922
0.8056117
-0.2065669
-0.3917125
0.9951081
0.7057422
0.6402829
1.8840574
0.3126395
0.2482010
0.7410070
-0.1517151
0.3601977
1.7966647
2.8307394
2.4646789
0.2182924
0.5762201
0.8528418
-0.4490474
0.6821625
-0.3310846
0.9189344
2.3774297
-0.1250905
-0.2047893
0.9616124
1.8138208
1.7737757
2.6740632
1.2541501
-2.0231686
0.6075493
-0.4258339
0.7152047
0.4422313
0.7480685
0.9762916
0.9804989
0.3838334
0.1227984
1.1044903
0.7785786
1.1352602
0.9392166
0.2454877
0.5337225
-4.1483129
0.4560225
0.2049118
0.1791263
0.1298856
0.3603683
0.6262017
0.9907611
0.6660141
0.0081052
0.4905372
0.5362609
-2.0995433
-0.4803297
0.5658401
1.6626858
5.6451827
1.3344009
1.6566778
1.1640136
-0.8323191
-0.3883063
-1.3897680
0.9846193
3.5208566
1.3155367
-1.1268987
0.4042597
0.6696756
0.7170848
-0.3351807
2.6304316
1.3063948
0.2888409
1.0535370
0.8097418
-0.1432429
0.6369730
0.4075735
0.7366028
1.8788555
0.2233656
0.8643066
0.6263802
0.2021195
1.2743929
1.9080822
0.3819338
1.3491904
0.9396129
0.3893507
0.1180630
-0.2493626
0.7420382
0.5861734
0.8160011
1.3863423
0.3182949
-0.5137941
0.3322581
2.1872117
1.2575665
2.3210194
1.6635054
-0.8460328
0.3451110
-0.2289778
0.9085480
0.3978063
0.5360012
1.1126916
0.5217834
0.4199511
-0.0100012
1.1488654
0.8373885
1.4873087
0.4853775
0.7194057
-0.2313129
-6.0382037
-0.0125041
-0.0569243
0.8419804
1.0356970
0.5027498
0.5505572
0.9475300
-0.3667784
-0.6260716
1.0854734
0.5262630
0.4657627
0.7712477
0.6512579
2.4334715
2.9010200
0.7311308
0.2406142
0.8392068
-0.3261525
0.5501955
0.4430557
0.7359466
0.7661223
0.5879306
0.8017975
0.8332179
0.2559223
0.8621205
1.1252983
-0.1696116
0.7107446
0.1015030
0.3966794
0.4802735
0.0764940
0.6353179
0.7358223
0.0011479
-0.0128100
0.3705757
0.6782185
0.1666204
2.0979507
2.0605751
4.5469989
-0.7619703
-0.3985833
0.5766752
-0.7753397
-0.2131815
0.5445253
1.1644958
0.8146585
1.2793862
0.9760069
-0.3328077
0.9285693
0.5289694
-0.2214408
0.4420278
-0.0737647
1.9315458
2.0029555
0.3144040
0.2544227
0.8150076
0.2042025
0.7287843
0.7673612
0.8873374
0.6711784
0.4144321
0.7921683
0.9032232
-0.1900457
0.2199872
0.8884006
0.7761403
2.9031480
0.2706755
0.1747449
0.6170765
0.9121001
0.9320401
0.7997903
0.8675758
0.1145818
0.4690072
0.5751526
0.7541298
-0.1155550
0.8000543
0.1284697
2.3559339
0.8187820
0.4308344
1.0780414
1.3034337
0.0249013
0.9645474
0.0219405
0.7589266
1.6839434
0.4777506
0.3496207
0.1987564
-0.8602723
0.1284020
2.1316145
3.0776418
3.5851780
0.3941436
0.2451481
1.2391782
-1.6255363
0.6090641
-1.0182184
0.7761409
3.1878467
0.1039782
-0.0461281
0.9394488
0.7277364
1.0458633
1.0302607
2.3672637
2.5308135
0.7201214
0.8968520
0.3633253
-0.5195298
0.1623347
0.0839447
0.5148040
2.5412606
0.3059875
-0.1091076
0.5900161
-2.1937206
-0.0120770
-0.7517456
3.3359512
6.2375660
1.1217508
1.7631996
1.4781691
-1.6851245
0.4405868
-1.5056422
1.6523914
4.6204898
1.3010270
-0.7647737
0.6243330
0.2268941
0.6102204
0.8574042
2.0068731
0.3191772
0.5699159
0.8340428
0.5489637
0.1302443
0.7481322
0.8192587
0.5403666
1.3681992
0.5177275
0.9465063
0.2028196
0.7908541
0.8801272
0.9287181
0.3336747
-0.1668538
0.8444904
0.0419357
0.0330912
0.3126741
0.6012678
1.0394697
0.5362845
0.4589978
0.4203381
0.2354972
0.8365104
1.7049823
1.1458492
2.6264092
-0.1810697
-1.6483073
0.3071012
-0.7115739
0.5957656
1.3543591
0.9069591
1.0110555
0.5979016
-0.0550962
-0.3957134
1.5416951
0.6012209
0.8061550
0.5704954
2.4662512
0.6208601
1.0831441
0.2150145
0.1343470
0.5609063
-0.1501760
0.1467072
-0.2538744
0.7121025
1.5854589
0.1868936
0.0488364
0.4218131
0.5519216
0.8514656
-0.1628510
1.9088087
0.0075403
0.6719961
0.0941034
0.7762270
-0.1030080
0.9509878
0.1363756
0.2457107
0.6794329
0.8338396
0.0066714
0.4587372
0.5892349
0.9435290
0.1673431
0.8409367
0.8084203
0.5301878
0.3251784
0.6296055
0.2909455
0.2507080
0.2488719
0.4822601
0.1377171
0.2304512
0.6963134
0.0621444
0.1174227
0.5977340
0.7558979
-0.3701483
3.1406337
0.1597727
0.4798523
0.6266241
0.7969341
0.2605591
1.1567609
0.6805833
0.1295340
1.4626414
0.6203098
0.4859770
4.0076600
2.2332867
5.1399465
-1.2393838
-6.1063626
-0.5721283
-1.6095952
-0.2432027
2.9056488
1.9358483
3.2189551
0.5179639
-1.8504735
-0.9917246
2.3645134
0.1787976
1.8911855
1.4929402
4.7750312
-1.2056540
-2.2422128
-0.0081749
-0.2805936
-0.1630623
1.0604372
0.9154894
0.7980039
0.8706977
1.2575013
-0.2295481
0.9984670
0.9254584
3.4053390
2.8488455
4.2635721
0.8214752
-4.1908802
-0.0126066
-1.0762311
-0.2825189
2.0657820
1.3078749
2.1800992
0.2160669
-0.5411457
-0.6474782
2.2374952
0.0613597
0.6818341
0.0825154
0.4904660
0.0162569
0.8422050
0.8958719
0.9296490
0.2613687
0.9478599
0.0605796
0.4538399
0.5982760
0.0631685
0.9338460
0.3574102
0.1472073
0.6667526
-3.9078760
1.9768144
-5.9670695
11.0105745
-3.6334569
0.3086325
-3.6088087
-6.0490501
-4.2518725
-5.5649907
-7.8736895
-7.8834234
47.7421101
-5.5883517
-0.0757098
