0.7921566
0.0771827
0.5358237
0.6510961
-0.0488782
0.4642449
0.6724048
0.7980326
0.0715329
0.6378785
1.7108319
1.4497419
0.8305087
0.5657991
0.3722933
0.2405361
-0.4884150
1.7058645
0.4860141
0.1925285
1.1914184
-0.2167903
0.8311542
0.9577425
2.0500264
0.6608291
-5.6716800
-0.5830369
-0.3043094
0.1633125
-0.0708365
0.5021808
1.3093623
-1.6938545
0.8760576
0.0541880
-1.3289791
1.5145381
-0.0130860
0.5574901
-0.3576860
-3.5424533
-2.3094874
3.4341781
7.5542267
0.2597081
0.9738459
-0.0536471
0.0061444
1.5600840
0.8916572
0.3030947
0.7703110
0.4238342
1.1143616
1.3610634
2.8464380
0.6569282
-7.2221044
-1.8674894
-0.7900985
0.8735451
0.6188406
0.7804858
0.3700018
0.3668917
0.6935221
0.2976401
0.8906124
0.5004223
0.1588046
0.8624353
0.5222426
0.2594239
1.9085288
0.6153235
0.6026221
0.2384608
0.3580005
0.5498347
0.7869353
0.6394727
0.3493734
0.3969633
0.5616821
0.1912173
0.6231242
0.3182570
0.3203799
0.0167659
2.0941759
0.9608111
0.5808645
0.1560986
0.7441347
0.8694725
1.8965901
-2.0125553
1.1446718
0.5132627
-2.4524676
2.1360098
-0.0951720
-0.8681728
-1.0682613
-3.3511960
4.0344434
3.8555620
7.8417052
0.5819087
0.8061906
-0.0470617
1.8339918
-1.9135729
0.7468695
0.6039450
-2.0183520
1.8208559
-0.6263589
-0.7701306
-1.0668713
-3.0166863
3.2155874
3.5853894
6.9329126
0.9722855
0.8627333
0.5204043
-0.1879286
1.7246686
1.2926470
0.1641336
0.8450014
0.3819278
0.3162840
1.3583960
1.4758782
1.5206776
-7.4404767
-1.1315521
-0.3744526
0.4971020
0.3398995
0.5987519
0.2572066
0.1769188
0.3018426
0.6055750
0.8182342
0.3448373
0.2421646
0.8383903
0.7340574
-0.0562188
0.5936974
0.1006292
0.8674874
0.2696627
0.9135128
0.4616610
0.8418057
-0.4865782
0.3287421
0.2845106
-1.2853205
0.6465839
0.4888580
0.2822817
0.5736575
-2.3903345
3.2704163
1.3220957
4.8740276
0.9737530
0.2553022
0.2885920
0.3493517
1.0398230
0.2616739
0.5669416
0.6259426
0.6904450
0.8163199
0.6511186
0.6482310
0.3524720
-0.1535248
-0.2315326
0.0446293
0.2590754
0.4335494
0.1599713
1.6051036
-2.4529663
0.9702852
0.4517169
-2.2050239
1.6735456
-0.3994631
-0.3896419
-1.1259294
-3.8500450
3.2080849
3.7004005
8.1052867
1.0025494
1.1970398
0.7743468
0.2462913
1.3632369
0.7057528
0.5546797
1.0112877
-0.0375027
1.0466621
1.1155566
2.5304112
1.6539219
-8.7406914
-2.2247611
-1.2480179
0.8726168
0.4387436
0.4277718
1.1479662
0.3641101
0.5907598
0.0354238
0.3102297
0.9548376
0.0577447
0.9640864
-0.1915203
0.0473249
2.0034488
1.4600410
0.7287180
1.1042895
0.7166620
0.3448087
0.7299651
0.7679258
0.8182677
0.6254790
0.2852049
0.6930283
0.8910409
0.5374717
0.2156067
-0.1172497
4.2398289
1.6226878
0.3099518
0.1690797
0.6571739
0.7697605
0.6462842
0.6287751
0.6302682
0.1558951
0.6536187
0.3664660
0.8547011
0.9337294
0.3267969
-0.3257437
4.6951153
1.7820149
0.5294251
0.2629282
0.8612874
0.1094273
1.4904191
-1.9454130
1.1995072
0.4440830
-1.8158624
2.0731645
-0.5604969
0.4043370
-0.2438981
-3.7056269
-0.9223763
2.7036650
7.3062092
1.1071329
0.6467774
0.0826664
0.5112773
0.3532137
0.5111113
0.5954166
0.8016846
0.9388184
0.1696561
0.9638180
-0.1083432
-0.0813204
4.3383644
2.0286637
0.3298654
0.6713329
0.1685797
0.0324033
0.7524813
0.9507080
0.5789021
0.9697734
0.5442817
-0.0083473
0.1912383
0.6096521
0.2345201
-0.3806436
3.2435716
0.6621226
0.0509559
0.6061168
0.6928165
0.9850595
0.4432518
0.4963886
0.2915503
0.1105563
0.4942384
0.2384954
0.2342561
1.1119169
0.8474570
1.5048926
-2.6598070
0.4923630
-0.6624037
0.9443203
0.2519314
0.6574713
0.2999004
0.7513365
0.9611103
0.9535295
-0.6623227
0.4021496
0.0724161
0.8272859
1.5675375
-1.2920755
-7.1281102
-0.9228164
3.3860222
0.9555102
0.5321942
0.6258682
2.3474516
-2.3906091
1.0124579
0.0447703
-1.6574478
1.8368195
0.1441969
-0.8572652
-0.8322219
-3.1133523
3.2395319
3.7205099
6.9331520
0.3939452
1.0332453
0.7146466
1.2921229
-0.3569978
0.2072814
0.4110153
-0.7771500
1.5205389
0.5409887
0.0907535
0.4623980
-1.4143256
1.3906538
1.6061743
4.2012222
0.1235047
1.0689674
0.4564656
0.7986743
0.8530005
1.2792926
0.6064776
0.8737432
0.5775783
0.4410720
0.9654038
0.6511983
0.2696913
3.1047036
1.5599087
0.3897410
0.2301642
0.5937370
0.5860949
0.2123394
1.0327085
0.7723096
0.3496330
0.2016024
0.5015464
0.7528579
0.1385745
0.2471929
1.0985800
-2.0772188
0.4497412
-0.1002884
0.3125202
0.7750608
0.1928359
-0.3137215
1.7970955
0.5112537
0.5155624
0.8757457
-0.2919696
0.3928617
1.8573078
2.3513351
1.2980810
-8.3741745
-1.9848425
-0.0585429
0.5840733
0.2922066
1.0248470
2.2803303
-2.3984179
1.1463813
0.4242442
-2.0260212
2.5442103
-0.5359717
-0.7921765
-1.6443911
-3.8273238
4.0630712
4.3934964
7.9293081
1.0730681
0.8664436
0.4381585
0.1744561
0.6735480
0.7221390
0.8277872
1.1058689
0.8928468
0.7298866
0.6981351
-0.3193543
0.3667776
1.5862509
1.1140022
-0.2533517
1.0315919
0.7516162
0.7162561
0.3775690
0.8369331
0.6982006
0.1124185
0.5412105
0.5785149
0.4152602
0.2036954
0.9493946
-0.0139579
1.6710035
0.1483853
0.8026676
0.6482613
0.9272280
0.2080663
1.0306382
0.4820758
0.6053786
0.1351160
0.0595073
0.3530701
-0.0130208
0.3557438
0.0721930
0.0246400
3.1467794
1.3902357
0.5697085
0.2900806
0.8734706
0.2681929
0.2205089
-0.9606082
0.7493505
0.7394008
-0.3666814
0.8409449
0.0116076
0.5159332
-0.1493316
-0.8297258
-3.6028164
1.7929044
2.5568041
0.1807537
0.4434215
0.7608165
1.0528732
-1.6988573
1.2664025
0.7728571
-1.4289793
1.7239694
0.2820087
-0.0652424
-0.0952115
-3.2933364
-2.4773476
3.0838051
7.0420664
0.9121629
0.7567052
-0.1010790
0.9215957
-0.2080678
0.8868936
0.6238758
0.4627531
0.9769014
0.4569005
0.7398471
0.7636648
-0.6602532
-5.7217567
0.7442153
1.9213059
0.6147577
0.6226804
0.8300977
0.8869467
0.9717145
0.3009175
0.4998745
0.3956633
0.5667746
0.4423084
0.7849747
0.7279859
0.9904633
0.9393268
0.2613412
0.9736425
0.7522553
0.3548260
0.6598735
-2.5883814
-0.8028308
0.4619229
1.4659516
-3.8994957
-2.2903499
-0.5710973
2.8647835
2.4104908
-12.1314129
27.1954899
-1.8309407
-11.2023966
1.5467103
2.9872243
-0.2660068
