2.9016754
6.2127340
-1.4198841
1.4721093
4.6062490
-1.3828038
-2.7957627
-1.9835946
1.6610796
3.7804168
3.8959179
-1.8224098
0.5646127
0.3720062
0.9940729
1.6266618
-2.0214369
0.5546515
-1.7634556
3.0165033
0.0285961
-2.2503132
1.8466714
3.8150464
-2.1631981
-2.0596479
1.0088850
-1.1799757
1.1377323
-1.0340759
0.6883450
0.6733861
0.7122985
3.3692872
-1.2511758
-0.0389072
0.1161749
1.7416949
-0.4694554
-0.3095255
1.4987605
-0.2593372
-2.7174993
-1.6061229
1.6808203
-2.4525064
-8.8703129
9.0075725
