1.198213610340485236e+00
1.198213540581022585e+00
8.811138506876886600e-01
8.807902631891467715e-01
7.020692764591339730e-01
5.472287300151653655e-01
5.183597941070423598e-01
4.893549620023873170e-01
4.697050955549748052e-01
4.607450042753395425e-01
4.557380098914808331e-01
4.482962938686857468e-01
4.347751834245274782e-01
4.192179939058929827e-01
4.185993482471344063e-01
9.124694477792177905e-02
9.097373290111518407e-02
8.021186225841366035e-02
6.101754725989133599e-02
3.194966119183904885e-02
1.663772743880448379e-02
1.209064555174654311e-02
8.981305608053923376e-03
6.851534971590820221e-03
4.581339383236122768e-03
2.439205699838659092e-03
1.031446705747178678e-03
4.249223791159365015e-04
1.870162899046787946e-04
8.660007161738043316e-05
4.187466482564963669e-05
2.105554556626789339e-05
1.105319235568899165e-05
6.130245095749574163e-06
3.669898444354894179e-06
