1.201572690197376891e+00
1.201543648880064818e+00
1.197034833822829603e+00
1.189229077242607957e+00
1.174991510200992462e+00
1.049507477492679808e+00
1.037445270230650918e+00
9.576623019357461963e-01
8.661263230717378692e-01
3.366028904140977995e-01
4.928741910916059621e-02
2.749686609877245030e-02
8.050358265722545176e-03
6.702335015389948233e-03
5.889314004679065823e-03
4.436747766021180081e-03
2.247490701844376011e-03
1.003293930238897784e-03
5.129530645471774104e-04
2.686741897472308903e-04
1.479154314374294115e-04
8.315266591710984494e-05
4.687684712395386646e-05
2.587750792380451024e-05
1.392117159511809693e-05
7.380500997198062578e-06
3.886726268445405907e-06
