-2.3120167
0.9736261
0.5702555
0.7319478
-1.7352943
0.9456255
0.3553004
0.1540478
0.8761321
0.8291900
-1.0193038
0.2457356
0.7700339
0.9158853
0.3226556
0.2901127
-1.0170579
0.3469666
2.4182220
2.7572420
-3.7366235
1.7972950
-0.5439896
0.7759044
1.3915339
0.5276730
-1.3552368
0.6456476
1.0037820
1.1971782
-1.7991057
0.4818770
-2.9728295
-0.0598987
2.5707335
2.3257960
-1.2215364
1.0432642
-1.0618754
0.5223878
-1.7828331
0.5692391
-0.5742821
0.6557957
0.6058675
0.7849441
-1.0377158
0.5408246
4.0795878
-0.0508241
2.5602547
2.0621956
0.6548802
2.0794902
-0.0161341
0.4514101
0.9207205
1.0484022
1.0248347
0.8469309
0.7502698
0.4097977
-1.0202523
0.1190166
0.7362524
0.4214716
0.6773778
0.7908924
-1.7247046
0.8400559
0.3974326
0.0452266
1.3213988
0.0041697
-0.0300143
0.8020725
0.7130159
0.8646929
0.2028416
0.4421021
5.1676110
0.3366568
0.3545686
0.3144870
1.2106016
-0.2758184
0.9377758
0.4499290
1.0462072
0.8939512
0.3924309
0.7231410
0.2783062
0.8087143
0.4357954
0.8734762
-0.7345411
0.4588735
0.4172028
0.4245788
2.5723201
-0.5064333
0.7379833
0.1549701
-2.7694785
0.1907190
1.7812183
0.2164681
0.4572031
0.8537886
1.1436499
0.3862328
1.4839616
0.7885003
0.1270555
0.4895576
5.0600331
-0.2818272
0.5570283
0.1517860
-2.5315391
0.0410630
2.3861850
-0.0968399
0.9208227
0.3856459
1.9873936
0.1486767
-2.9199870
0.5221555
2.3056461
2.2502945
-2.0719822
3.0487869
-1.1292066
0.1229043
0.9449401
0.6516715
-1.2302083
1.0295959
1.0232587
0.7052251
-2.0710271
0.3117286
4.3167484
0.5448085
0.7817217
0.7640070
3.5711618
0.5853021
0.6372360
0.7042842
0.6529372
0.2449543
1.4457075
0.0069355
0.5780630
0.2546000
0.7014374
0.5962324
-0.9454358
0.7800570
2.2917786
1.4745224
-3.5391463
0.6522809
0.1456343
0.8457395
1.8343056
0.5724281
-3.1468113
1.0356678
0.8588946
0.9194180
0.4226329
0.3903558
3.7289212
0.8272216
-0.0325153
0.1505201
2.5855508
0.7327843
1.0446027
-0.0217211
0.3769466
0.9643927
1.9134240
0.8927321
0.4573495
0.4165226
1.0666866
0.2752773
-0.9667608
0.5050234
0.2500156
0.5014232
3.1847403
-0.2397250
0.5078826
-0.0107269
-2.5046133
0.7526117
0.8258763
0.8954630
0.5264993
0.3820234
1.3052350
0.8751505
0.4994155
0.7121760
2.5621221
2.1301374
0.8138514
1.6504987
-0.4219489
-0.1273258
0.5252848
0.1406171
0.5889542
0.5633281
0.4400239
1.0711308
-1.8329098
0.4807105
2.2025400
0.0663103
0.7101209
0.2353117
0.8202456
0.1891464
0.1552422
0.1803112
0.1949447
0.0248965
0.0354891
0.6300279
0.3568647
0.9018238
0.8854870
0.2123860
3.6782148
0.5992233
1.1938419
0.9440387
-0.0989487
0.7941101
0.1737589
0.4634515
1.1186773
0.3775366
0.2643483
0.7129518
0.8416933
0.5948767
0.3384338
0.3973930
1.7107539
0.3167379
1.3443463
1.0863956
-1.7889222
0.4936816
0.0806755
0.6553760
0.6454165
0.7678930
-0.9555721
0.4150914
0.6543515
0.0685696
0.3916744
0.3220588
-3.3741551
0.6134645
2.4342734
2.3817816
-1.9325333
0.9313907
-0.3905128
0.3119693
-2.0907901
0.6765466
-1.2339787
1.1881430
0.2388234
0.4708897
-0.8514966
0.3479825
4.5030243
0.8038671
1.0793662
0.9190553
0.7925065
0.6629318
-0.1764204
-0.0933623
1.1004071
0.8943242
0.3932324
0.8218663
0.3040957
0.9542486
0.3206061
0.9785157
3.2606197
0.0679935
-0.0375317
0.0837197
-0.5536718
0.7555441
0.5584593
0.1028243
1.3973845
0.4797751
0.4072612
0.3622542
0.1957790
0.5042059
0.6685171
0.2167006
1.7613299
0.7027197
0.2653105
0.6392671
-1.3633070
0.3035155
1.0429465
0.7468031
0.5067436
0.2192465
0.8010861
0.3060876
0.4841976
0.2009717
0.7839311
0.3334300
-6.4801453
0.4660610
4.0598612
2.9050197
-4.1217843
2.7339061
-0.6076344
0.0845222
1.7828755
0.1089074
-4.3140027
1.4084333
1.0422000
1.1263511
-2.1243037
-0.1185170
2.0814713
0.7613513
0.3660778
0.7779462
4.7916512
-0.8187882
0.8478173
0.0715627
-3.3193960
0.9248028
1.8240390
0.8298319
0.6319851
0.7581352
1.7033430
0.7666345
-2.2716205
-0.0788099
3.0119185
1.6392468
-1.7935384
0.9252869
-0.2534596
0.7488996
1.1489937
0.9827734
-3.1164390
0.3644504
0.4537730
0.2281576
0.6415082
0.2620358
4.8016841
0.3483171
0.6728614
0.0810839
0.8932909
0.7956057
0.7221844
-0.0028137
0.6925984
0.7542138
0.5360298
0.7073544
0.6969212
0.8913911
0.5572771
0.1998115
-1.0750027
0.9944903
0.7541513
0.5400397
-3.3667454
-0.0525507
0.6801804
0.4624702
1.0250550
0.8445215
-0.1892466
0.8695443
0.1593684
0.4119680
0.1714346
0.8169426
-2.3995238
0.5724969
2.1905172
2.4267802
-1.9535179
1.6889161
-0.6128775
0.1808923
0.9708580
0.5968487
-0.3870229
0.7012995
0.8144785
0.2154802
-1.9001624
-0.2343191
-0.9916493
0.2355142
0.9522099
0.4669369
2.4937713
-1.0139302
0.8707636
0.9632698
-2.1720531
0.7655917
1.1739780
0.3946672
0.6056096
0.8044741
1.1695273
0.4207470
0.6666547
0.6296528
0.5380815
0.2534914
1.1266675
1.3074064
-0.0284571
-0.0104701
0.4822304
0.0197924
0.0421388
0.1325624
0.5344898
0.6150871
1.0004239
0.7014384
4.4687858
0.6924106
0.2068454
0.8108112
0.7551187
0.0691731
0.7031795
0.1204994
0.3393034
0.6337424
0.4143800
0.9441879
0.6791345
0.3376487
0.0889595
0.0799752
1.3136633
0.6914515
1.0695396
0.4654895
1.0627532
1.2398742
0.7080405
0.7777348
0.0676744
0.0555086
0.2491942
0.7400634
1.0073445
0.1088156
0.6559785
-0.0362271
3.4319975
0.6988080
0.4810702
2.3742120
3.7802576
0.5300577
0.1733125
0.6384084
-3.1129001
0.2044202
3.1696800
1.0567736
0.3799015
0.3072133
-0.8912613
0.3416566
-3.0353350
0.6752218
3.2746035
2.5683137
-1.7338537
0.7422075
-0.7191859
0.1403495
-2.4460639
0.4696645
-1.0733700
1.3137154
0.8362737
1.0246839
-0.9115724
-0.0323718
8.6005868
0.5854524
-0.1874012
1.6222160
8.0362768
-0.3421259
0.0599106
0.3949258
-3.2358664
0.5884032
6.1483740
0.1314567
0.5240956
0.8971678
-0.4611706
0.8716392
0.9138740
0.2444359
0.9880602
0.6780106
0.8171432
0.7681347
0.5797739
0.0709012
0.0348407
0.9128282
0.4589008
0.5401058
0.7506219
0.0152496
0.8513478
0.1672200
-10.4846377
4.5094509
-2.5230229
-8.4502291
-14.0737945
3.9326847
2.4094283
3.7345770
8.2077753
0.9208423
-10.1971086
4.2702433
4.6650107
4.8602448
-0.3220901
3.4731807
