3.575214006269438749e-01
3.415489375081858792e-01
3.372655198899503493e-01
3.361396753037969032e-01
3.342403068382616693e-01
3.309448747408582081e-01
3.251770541290578409e-01
3.151142648682763725e-01
2.984747142518122121e-01
2.866940384415066490e-01
2.852319705089649271e-01
2.837673162506855751e-01
2.817081188910680045e-01
2.806592018894145668e-01
2.801366357333358592e-01
2.799572117722644027e-01
2.798862118139349708e-01
2.798662359306440806e-01
2.798617870495962445e-01
2.798595881479465919e-01
2.798559056108754217e-01
2.798493747947385368e-01
2.798374298740865518e-01
2.798152416620059424e-01
2.797736060436321059e-01
2.796945467836395860e-01
2.790511439040490593e-01
2.612849495297775992e-01
1.409461247871787171e-01
1.429775245168945705e-02
7.517416904927140889e-03
3.231423861052718904e-03
1.577023744870710781e-03
7.555627287224677725e-04
3.709028732043733855e-04
1.824079109509169300e-04
9.030526944568108229e-05
4.481591943703691275e-05
2.229604710696658323e-05
1.110794397541405845e-05
5.540109213744496194e-06
